crossing time (s)	slope (V/s)	crossing number
281474976710655.000000	51.606743	8939	0.000000
281474976710655.000000	43.247475	8940	0.000000
281474976710655.000000	69.153290	8941	0.000000
281474976710655.000000	53.384747	8942	0.000000
281474976710655.000000	51.383022	8943	0.000000
281474976710655.000000	66.681862	8944	0.000000
281474976710655.000000	50.816135	8945	0.000000
281474976710655.000000	51.213902	8946	0.000000
281474976710655.000000	42.592857	8947	0.000000
281474976710655.000000	41.641705	8948	0.000000
281474976710655.000000	51.159138	8949	0.000000
281474976710655.000000	43.095894	8950	0.000000
281474976710655.000000	51.668652	8951	0.000000
281474976710655.000000	38.858311	8952	0.000000
281474976710655.000000	49.296120	8953	0.000000
281474976710655.000000	49.813541	8954	0.000000
281474976710655.000000	50.004921	8955	0.000000
281474976710655.000000	66.725555	8956	0.000000
281474976710655.000000	49.171143	8957	0.000000
281474976710655.000000	50.664711	8958	0.000000
281474976710655.000000	50.267754	8959	0.000000
281474976710655.000000	48.547256	8960	0.000000
281474976710655.000000	42.130230	8961	0.000000
281474976710655.000000	50.595543	8962	0.000000
281474976710655.000000	50.395721	8963	0.000000
281474976710655.000000	49.261204	8964	0.000000
281474976710655.000000	47.954937	8965	0.000000
281474976710655.000000	49.911652	8966	0.000000
281474976710655.000000	50.227104	8967	0.000000
281474976710655.000000	49.524994	8968	0.000000
281474976710655.000000	44.940895	8969	0.000000
281474976710655.000000	47.384640	8970	0.000000
281474976710655.000000	49.194698	8971	0.000000
281474976710655.000000	55.291546	8972	0.000000
281474976710655.000000	49.219505	8973	0.000000
281474976710655.000000	49.258987	8974	0.000000
281474976710655.000000	66.451660	8975	0.000000
281474976710655.000000	47.876617	8976	0.000000
281474976710655.000000	48.162151	8977	0.000000
281474976710655.000000	49.275398	8978	0.000000
281474976710655.000000	48.776703	8979	0.000000
281474976710655.000000	40.508484	8980	0.000000
281474976710655.000000	51.741032	8981	0.000000
281474976710655.000000	52.645905	8982	0.000000
281474976710655.000000	47.315464	8983	0.000000
281474976710655.000000	37.384945	8984	0.000000
281474976710655.000000	47.756420	8985	0.000000
281474976710655.000000	37.231728	8986	0.000000
281474976710655.000000	48.118141	8987	0.000000
281474976710655.000000	51.280697	8988	0.000000
281474976710655.000000	48.123081	8989	0.000000
281474976710655.000000	47.616531	8990	0.000000
281474976710655.000000	48.495243	8991	0.000000
281474976710655.000000	64.494514	8992	0.000000
281474976710655.000000	48.349491	8993	0.000000
281474976710655.000000	47.011971	8994	0.000000
281474976710655.000000	47.507965	8995	0.000000
281474976710655.000000	39.518856	8996	0.000000
281474976710655.000000	47.820782	8997	0.000000
281474976710655.000000	47.076073	8998	0.000000
281474976710655.000000	45.761562	8999	0.000000
281474976710655.000000	39.194122	9000	0.000000
281474976710655.000000	36.914921	9001	0.000000
281474976710655.000000	47.573437	9002	0.000000
281474976710655.000000	42.430504	9003	0.000000
281474976710655.000000	47.027733	9004	0.000000
281474976710655.000000	52.900787	9005	0.000000
281474976710655.000000	38.717781	9006	0.000000
281474976710655.000000	52.530071	9007	0.000000
281474976710655.000000	47.336433	9008	0.000000
281474976710655.000000	46.542587	9009	0.000000
281474976710655.000000	47.274323	9010	0.000000
281474976710655.000000	46.813606	9011	0.000000
281474976710655.000000	47.165325	9012	0.000000
281474976710655.000000	46.484417	9013	0.000000
281474976710655.000000	46.252720	9014	0.000000
281474976710655.000000	46.134315	9015	0.000000
281474976710655.000000	46.681263	9016	0.000000
281474976710655.000000	45.994442	9017	0.000000
281474976710655.000000	46.186829	9018	0.000000
281474976710655.000000	38.510078	9019	0.000000
281474976710655.000000	46.628189	9020	0.000000
281474976710655.000000	46.185143	9021	0.000000
281474976710655.000000	46.108948	9022	0.000000
281474976710655.000000	45.531593	9023	0.000000
281474976710655.000000	46.289001	9024	0.000000
281474976710655.000000	35.424793	9025	0.000000
281474976710655.000000	39.693542	9026	0.000000
281474976710655.000000	44.497700	9027	0.000000
281474976710655.000000	61.684505	9028	0.000000
281474976710655.000000	45.810841	9029	0.000000
281474976710655.000000	49.840187	9030	0.000000
281474976710655.000000	61.487328	9031	0.000000
281474976710655.000000	45.239910	9032	0.000000
281474976710655.000000	62.519123	9033	0.000000
281474976710655.000000	55.565327	9034	0.000000
281474976710655.000000	37.753521	9035	0.000000
281474976710655.000000	44.746113	9036	0.000000
281474976710655.000000	50.148937	9037	0.000000
281474976710655.000000	44.827339	9038	0.000000
281474976710655.000000	42.598297	9039	0.000000
281474976710655.000000	61.582592	9040	0.000000
281474976710655.000000	34.335915	9041	0.000000
281474976710655.000000	37.627693	9042	0.000000
281474976710655.000000	44.667999	9043	0.000000
281474976710655.000000	42.318554	9044	0.000000
281474976710655.000000	34.477825	9045	0.000000
281474976710655.000000	44.209217	9046	0.000000
281474976710655.000000	49.105690	9047	0.000000
281474976710655.000000	44.585724	9048	0.000000
281474976710655.000000	51.796192	9049	0.000000
281474976710655.000000	38.589111	9050	0.000000
281474976710655.000000	69.564346	9051	0.000000
281474976710655.000000	43.576221	9052	0.000000
281474976710655.000000	44.213593	9053	0.000000
281474976710655.000000	48.811573	9054	0.000000
281474976710655.000000	43.501171	9055	0.000000
281474976710655.000000	43.982704	9056	0.000000
281474976710655.000000	47.231079	9057	0.000000
281474976710655.000000	59.225163	9058	0.000000
281474976710655.000000	38.659332	9059	0.000000
281474976710655.000000	54.281666	9060	0.000000
281474976710655.000000	38.199398	9061	0.000000
281474976710655.000000	33.673943	9062	0.000000
281474976710655.000000	54.207664	9063	0.000000
281474976710655.000000	43.390320	9064	0.000000
281474976710655.000000	47.501320	9065	0.000000
281474976710655.000000	43.623436	9066	0.000000
281474976710655.000000	35.767895	9067	0.000000
281474976710655.000000	37.658783	9068	0.000000
281474976710655.000000	58.304626	9069	0.000000
281474976710655.000000	46.043427	9070	0.000000
281474976710655.000000	47.528934	9071	0.000000
281474976710655.000000	42.811535	9072	0.000000
281474976710655.000000	44.081749	9073	0.000000
281474976710655.000000	52.902321	9074	0.000000
281474976710655.000000	52.741398	9075	0.000000
281474976710655.000000	47.447208	9076	0.000000
281474976710655.000000	42.569534	9077	0.000000
281474976710655.000000	43.858849	9078	0.000000
281474976710655.000000	52.870419	9079	0.000000
281474976710655.000000	42.633610	9080	0.000000
281474976710655.000000	52.611782	9081	0.000000
281474976710655.000000	36.773357	9082	0.000000
281474976710655.000000	42.217949	9083	0.000000
281474976710655.000000	40.268600	9084	0.000000
281474976710655.000000	43.641678	9085	0.000000
281474976710655.000000	40.002594	9086	0.000000
281474976710655.000000	43.113499	9087	0.000000
281474976710655.000000	41.922688	9088	0.000000
281474976710655.000000	42.367958	9089	0.000000
281474976710655.000000	36.836933	9090	0.000000
281474976710655.000000	42.332283	9091	0.000000
281474976710655.000000	39.933643	9092	0.000000
281474976710655.000000	41.361240	9093	0.000000
281474976710655.000000	41.878193	9094	0.000000
281474976710655.000000	46.705475	9095	0.000000
281474976710655.000000	42.424618	9096	0.000000
281474976710655.000000	51.768990	9097	0.000000
281474976710655.000000	41.522575	9098	0.000000
281474976710655.000000	45.540161	9099	0.000000
281474976710655.000000	41.589226	9100	0.000000
281474976710655.000000	46.094215	9101	0.000000
281474976710655.000000	42.151241	9102	0.000000
281474976710655.000000	56.095295	9103	0.000000
281474976710655.000000	35.791187	9104	0.000000
281474976710655.000000	48.159588	9105	0.000000
281474976710655.000000	40.880192	9106	0.000000
281474976710655.000000	36.561413	9107	0.000000
281474976710655.000000	40.604321	9108	0.000000
281474976710655.000000	45.832798	9109	0.000000
281474976710655.000000	44.755646	9110	0.000000
281474976710655.000000	40.923176	9111	0.000000
281474976710655.000000	49.812561	9112	0.000000
281474976710655.000000	32.570114	9113	0.000000
281474976710655.000000	40.297398	9114	0.000000
281474976710655.000000	40.426720	9115	0.000000
281474976710655.000000	40.371086	9116	0.000000
281474976710655.000000	33.940609	9117	0.000000
281474976710655.000000	33.878738	9118	0.000000
281474976710655.000000	44.182060	9119	0.000000
281474976710655.000000	40.344154	9120	0.000000
281474976710655.000000	39.965103	9121	0.000000
281474976710655.000000	40.378540	9122	0.000000
281474976710655.000000	37.638084	9123	0.000000
281474976710655.000000	49.239216	9124	0.000000
281474976710655.000000	37.783562	9125	0.000000
281474976710655.000000	39.992199	9126	0.000000
281474976710655.000000	49.033672	9127	0.000000
281474976710655.000000	34.913979	9128	0.000000
281474976710655.000000	39.762779	9129	0.000000
281474976710655.000000	39.302166	9130	0.000000
281474976710655.000000	39.813168	9131	0.000000
281474976710655.000000	48.909237	9132	0.000000
281474976710655.000000	42.961472	9133	0.000000
281474976710655.000000	32.774727	9134	0.000000
281474976710655.000000	41.105774	9135	0.000000
281474976710655.000000	34.399849	9136	0.000000
281474976710655.000000	39.164986	9137	0.000000
281474976710655.000000	39.315258	9138	0.000000
281474976710655.000000	39.124096	9139	0.000000
281474976710655.000000	40.662697	9140	0.000000
281474976710655.000000	39.534847	9141	0.000000
281474976710655.000000	39.426147	9142	0.000000
281474976710655.000000	39.136784	9143	0.000000
281474976710655.000000	39.020729	9144	0.000000
281474976710655.000000	36.568413	9145	0.000000
281474976710655.000000	45.961235	9146	0.000000
281474976710655.000000	33.855301	9147	0.000000
281474976710655.000000	36.559525	9148	0.000000
281474976710655.000000	36.879410	9149	0.000000
281474976710655.000000	38.723373	9150	0.000000
281474976710655.000000	42.748882	9151	0.000000
281474976710655.000000	47.399422	9152	0.000000
281474976710655.000000	38.414349	9153	0.000000
281474976710655.000000	36.280262	9154	0.000000
281474976710655.000000	38.438225	9155	0.000000
281474976710655.000000	32.070923	9156	0.000000
281474976710655.000000	38.523010	9157	0.000000
281474976710655.000000	34.508667	9158	0.000000
281474976710655.000000	39.452015	9159	0.000000
281474976710655.000000	33.306694	9160	0.000000
281474976710655.000000	33.516251	9161	0.000000
281474976710655.000000	38.913677	9162	0.000000
281474976710655.000000	34.949638	9163	0.000000
281474976710655.000000	37.738750	9164	0.000000
281474976710655.000000	36.240612	9165	0.000000
281474976710655.000000	44.266678	9166	0.000000
281474976710655.000000	33.458817	9167	0.000000
281474976710655.000000	36.091221	9168	0.000000
281474976710655.000000	35.513397	9169	0.000000
281474976710655.000000	37.724503	9170	0.000000
281474976710655.000000	37.690975	9171	0.000000
281474976710655.000000	37.333271	9172	0.000000
281474976710655.000000	38.256554	9173	0.000000
281474976710655.000000	40.511456	9174	0.000000
281474976710655.000000	37.110161	9175	0.000000
281474976710655.000000	36.807972	9176	0.000000
281474976710655.000000	31.020729	9177	0.000000
281474976710655.000000	36.836784	9178	0.000000
281474976710655.000000	41.860962	9179	0.000000
281474976710655.000000	40.422722	9180	0.000000
281474976710655.000000	37.499546	9181	0.000000
281474976710655.000000	36.656502	9182	0.000000
281474976710655.000000	40.140594	9183	0.000000
281474976710655.000000	40.246532	9184	0.000000
281474976710655.000000	36.859264	9185	0.000000
281474976710655.000000	38.273190	9186	0.000000
281474976710655.000000	34.460579	9187	0.000000
281474976710655.000000	35.086597	9188	0.000000
281474976710655.000000	39.960239	9189	0.000000
281474976710655.000000	36.768688	9190	0.000000
281474976710655.000000	34.872952	9191	0.000000
281474976710655.000000	36.750290	9192	0.000000
281474976710655.000000	29.058010	9193	0.000000
281474976710655.000000	34.578472	9194	0.000000
281474976710655.000000	36.444839	9195	0.000000
281474976710655.000000	36.857841	9196	0.000000
281474976710655.000000	31.890802	9197	0.000000
281474976710655.000000	36.510757	9198	0.000000
281474976710655.000000	35.658112	9199	0.000000
281474976710655.000000	36.355984	9200	0.000000
281474976710655.000000	36.377033	9201	0.000000
281474976710655.000000	36.151016	9202	0.000000
281474976710655.000000	31.503757	9203	0.000000
281474976710655.000000	36.093361	9204	0.000000
281474976710655.000000	35.747757	9205	0.000000
281474976710655.000000	34.326565	9206	0.000000
281474976710655.000000	31.301788	9207	0.000000
281474976710655.000000	35.825069	9208	0.000000
281474976710655.000000	35.625526	9209	0.000000
281474976710655.000000	41.667969	9210	0.000000
281474976710655.000000	37.054615	9211	0.000000
281474976710655.000000	38.795189	9212	0.000000
281474976710655.000000	30.784138	9213	0.000000
281474976710655.000000	31.540115	9214	0.000000
281474976710655.000000	35.893551	9215	0.000000
281474976710655.000000	33.360703	9216	0.000000
281474976710655.000000	29.612967	9217	0.000000
281474976710655.000000	35.295898	9218	0.000000
281474976710655.000000	31.021271	9219	0.000000
281474976710655.000000	33.374809	9220	0.000000
281474976710655.000000	34.959991	9221	0.000000
281474976710655.000000	40.807632	9222	0.000000
281474976710655.000000	38.471451	9223	0.000000
281474976710655.000000	38.263725	9224	0.000000
281474976710655.000000	34.856403	9225	0.000000
281474976710655.000000	34.998543	9226	0.000000
281474976710655.000000	35.099453	9227	0.000000
281474976710655.000000	34.917435	9228	0.000000
281474976710655.000000	34.667961	9229	0.000000
281474976710655.000000	30.097778	9230	0.000000
281474976710655.000000	30.759781	9231	0.000000
281474976710655.000000	40.469414	9232	0.000000
281474976710655.000000	32.816204	9233	0.000000
281474976710655.000000	35.894791	9234	0.000000
281474976710655.000000	36.832611	9235	0.000000
281474976710655.000000	34.420456	9236	0.000000
281474976710655.000000	34.645847	9237	0.000000
281474976710655.000000	39.988441	9238	0.000000
281474976710655.000000	34.089008	9239	0.000000
281474976710655.000000	31.090925	9240	0.000000
281474976710655.000000	34.217991	9241	0.000000
281474976710655.000000	34.046581	9242	0.000000
281474976710655.000000	32.483406	9243	0.000000
281474976710655.000000	35.583019	9244	0.000000
281474976710655.000000	35.529213	9245	0.000000
281474976710655.000000	33.555367	9246	0.000000
281474976710655.000000	30.589745	9247	0.000000
281474976710655.000000	27.882298	9248	0.000000
281474976710655.000000	33.832859	9249	0.000000
281474976710655.000000	28.256355	9250	0.000000
281474976710655.000000	33.760284	9251	0.000000
281474976710655.000000	32.038570	9252	0.000000
281474976710655.000000	30.738039	9253	0.000000
281474976710655.000000	34.461800	9254	0.000000
281474976710655.000000	29.418898	9255	0.000000
281474976710655.000000	34.833656	9256	0.000000
281474976710655.000000	34.973557	9257	0.000000
281474976710655.000000	33.745529	9258	0.000000
281474976710655.000000	34.673740	9259	0.000000
281474976710655.000000	33.574371	9260	0.000000
281474976710655.000000	29.187502	9261	0.000000
281474976710655.000000	30.888119	9262	0.000000
281474976710655.000000	31.530144	9263	0.000000
281474976710655.000000	31.387682	9264	0.000000
281474976710655.000000	27.547794	9265	0.000000
281474976710655.000000	31.202047	9266	0.000000
281474976710655.000000	29.947618	9267	0.000000
281474976710655.000000	37.250736	9268	0.000000
281474976710655.000000	33.778538	9269	0.000000
281474976710655.000000	32.829876	9270	0.000000
281474976710655.000000	33.049255	9271	0.000000
281474976710655.000000	33.869289	9272	0.000000
281474976710655.000000	33.505936	9273	0.000000
281474976710655.000000	31.406382	9274	0.000000
281474976710655.000000	36.962185	9275	0.000000
281474976710655.000000	32.756989	9276	0.000000
281474976710655.000000	32.616245	9277	0.000000
281474976710655.000000	28.969423	9278	0.000000
281474976710655.000000	33.187561	9279	0.000000
281474976710655.000000	31.847044	9280	0.000000
281474976710655.000000	30.611687	9281	0.000000
281474976710655.000000	28.779232	9282	0.000000
281474976710655.000000	29.203466	9283	0.000000
281474976710655.000000	32.303215	9284	0.000000
281474976710655.000000	29.941807	9285	0.000000
281474976710655.000000	29.620855	9286	0.000000
281474976710655.000000	29.776503	9287	0.000000
281474976710655.000000	31.963329	9288	0.000000
281474976710655.000000	31.035276	9289	0.000000
281474976710655.000000	33.700279	9290	0.000000
281474976710655.000000	32.458363	9291	0.000000
281474976710655.000000	39.579723	9292	0.000000
281474976710655.000000	33.091137	9293	0.000000
281474976710655.000000	35.972546	9294	0.000000
281474976710655.000000	31.389700	9295	0.000000
281474976710655.000000	29.585636	9296	0.000000
281474976710655.000000	30.005981	9297	0.000000
281474976710655.000000	32.782707	9298	0.000000
281474976710655.000000	33.991959	9299	0.000000
281474976710655.000000	26.150791	9300	0.000000
281474976710655.000000	34.093967	9301	0.000000
281474976710655.000000	32.219666	9302	0.000000
281474976710655.000000	32.136189	9303	0.000000
281474976710655.000000	32.917252	9304	0.000000
281474976710655.000000	29.126360	9305	0.000000
281474976710655.000000	30.884220	9306	0.000000
281474976710655.000000	30.836828	9307	0.000000
281474976710655.000000	27.711641	9308	0.000000
281474976710655.000000	30.610235	9309	0.000000
281474976710655.000000	31.174843	9310	0.000000
281474976710655.000000	32.037827	9311	0.000000
281474976710655.000000	31.457382	9312	0.000000
281474976710655.000000	30.741930	9313	0.000000
281474976710655.000000	32.233276	9314	0.000000
281474976710655.000000	31.235403	9315	0.000000
281474976710655.000000	28.711374	9316	0.000000
281474976710655.000000	31.112017	9317	0.000000
281474976710655.000000	31.209993	9318	0.000000
281474976710655.000000	27.496050	9319	0.000000
281474976710655.000000	30.766407	9320	0.000000
281474976710655.000000	29.307528	9321	0.000000
281474976710655.000000	32.525570	9322	0.000000
281474976710655.000000	28.359352	9323	0.000000
281474976710655.000000	32.212578	9324	0.000000
281474976710655.000000	31.770512	9325	0.000000
281474976710655.000000	29.771898	9326	0.000000
281474976710655.000000	29.806971	9327	0.000000
281474976710655.000000	28.917660	9328	0.000000
281474976710655.000000	31.474598	9329	0.000000
281474976710655.000000	28.629412	9330	0.000000
281474976710655.000000	29.086235	9331	0.000000
281474976710655.000000	28.339233	9332	0.000000
281474976710655.000000	28.278147	9333	0.000000
281474976710655.000000	28.142103	9334	0.000000
281474976710655.000000	31.670435	9335	0.000000
281474976710655.000000	29.804256	9336	0.000000
281474976710655.000000	27.464195	9337	0.000000
281474976710655.000000	26.973005	9338	0.000000
281474976710655.000000	29.263008	9339	0.000000
281474976710655.000000	28.637348	9340	0.000000
281474976710655.000000	29.189718	9341	0.000000
281474976710655.000000	29.288746	9342	0.000000
281474976710655.000000	30.081413	9343	0.000000
281474976710655.000000	27.890911	9344	0.000000
281474976710655.000000	30.603279	9345	0.000000
281474976710655.000000	28.303265	9346	0.000000
281474976710655.000000	30.203613	9347	0.000000
281474976710655.000000	30.940229	9348	0.000000
281474976710655.000000	29.006765	9349	0.000000
281474976710655.000000	29.231691	9350	0.000000
281474976710655.000000	30.048557	9351	0.000000
281474976710655.000000	32.669987	9352	0.000000
281474976710655.000000	27.210587	9353	0.000000
281474976710655.000000	27.992115	9354	0.000000
281474976710655.000000	28.995361	9355	0.000000
281474976710655.000000	29.767262	9356	0.000000
281474976710655.000000	28.777655	9357	0.000000
281474976710655.000000	31.912191	9358	0.000000
281474976710655.000000	31.236773	9359	0.000000
281474976710655.000000	29.248560	9360	0.000000
281474976710655.000000	29.014063	9361	0.000000
281474976710655.000000	30.260237	9362	0.000000
281474976710655.000000	26.514545	9363	0.000000
281474976710655.000000	29.314829	9364	0.000000
281474976710655.000000	31.731678	9365	0.000000
281474976710655.000000	26.675877	9366	0.000000
281474976710655.000000	28.884947	9367	0.000000
281474976710655.000000	27.550770	9368	0.000000
281474976710655.000000	26.860401	9369	0.000000
281474976710655.000000	28.619864	9370	0.000000
281474976710655.000000	29.938744	9371	0.000000
281474976710655.000000	29.430731	9372	0.000000
281474976710655.000000	29.825937	9373	0.000000
281474976710655.000000	29.442930	9374	0.000000
281474976710655.000000	29.122879	9375	0.000000
281474976710655.000000	26.210579	9376	0.000000
281474976710655.000000	28.207401	9377	0.000000
281474976710655.000000	28.772478	9378	0.000000
281474976710655.000000	28.305321	9379	0.000000
281474976710655.000000	27.290878	9380	0.000000
281474976710655.000000	28.696234	9381	0.000000
281474976710655.000000	27.245344	9382	0.000000
281474976710655.000000	31.359976	9383	0.000000
281474976710655.000000	28.114754	9384	0.000000
281474976710655.000000	28.963045	9385	0.000000
281474976710655.000000	27.780699	9386	0.000000
281474976710655.000000	29.303139	9387	0.000000
281474976710655.000000	28.636686	9388	0.000000
281474976710655.000000	27.439323	9389	0.000000
281474976710655.000000	30.953936	9390	0.000000
281474976710655.000000	25.829403	9391	0.000000
281474976710655.000000	25.708586	9392	0.000000
281474976710655.000000	28.008720	9393	0.000000
281474976710655.000000	27.941216	9394	0.000000
281474976710655.000000	27.366821	9395	0.000000
281474976710655.000000	29.403130	9396	0.000000
281474976710655.000000	31.171335	9397	0.000000
281474976710655.000000	27.613237	9398	0.000000
281474976710655.000000	25.800407	9399	0.000000
281474976710655.000000	26.468082	9400	0.000000
281474976710655.000000	27.054785	9401	0.000000
281474976710655.000000	25.769701	9402	0.000000
281474976710655.000000	29.019819	9403	0.000000
281474976710655.000000	26.701948	9404	0.000000
281474976710655.000000	27.247385	9405	0.000000
281474976710655.000000	29.097960	9406	0.000000
281474976710655.000000	26.118307	9407	0.000000
281474976710655.000000	25.960114	9408	0.000000
281474976710655.000000	26.780256	9409	0.000000
281474976710655.000000	28.199505	9410	0.000000
281474976710655.000000	27.310696	9411	0.000000
281474976710655.000000	26.855839	9412	0.000000
281474976710655.000000	24.874350	9413	0.000000
281474976710655.000000	26.113632	9414	0.000000
281474976710655.000000	24.874325	9415	0.000000
281474976710655.000000	27.415016	9416	0.000000
281474976710655.000000	27.176302	9417	0.000000
281474976710655.000000	28.817890	9418	0.000000
281474976710655.000000	28.019182	9419	0.000000
281474976710655.000000	27.263554	9420	0.000000
281474976710655.000000	25.761845	9421	0.000000
281474976710655.000000	26.523094	9422	0.000000
281474976710655.000000	27.626947	9423	0.000000
281474976710655.000000	26.572424	9424	0.000000
281474976710655.000000	27.657461	9425	0.000000
281474976710655.000000	26.379345	9426	0.000000
281474976710655.000000	25.234550	9427	0.000000
281474976710655.000000	29.814098	9428	0.000000
281474976710655.000000	26.117527	9429	0.000000
281474976710655.000000	26.176558	9430	0.000000
281474976710655.000000	27.288830	9431	0.000000
281474976710655.000000	25.016148	9432	0.000000
281474976710655.000000	26.137886	9433	0.000000
281474976710655.000000	30.119951	9434	0.000000
281474976710655.000000	26.363533	9435	0.000000
281474976710655.000000	27.932474	9436	0.000000
281474976710655.000000	25.374870	9437	0.000000
281474976710655.000000	26.507832	9438	0.000000
281474976710655.000000	27.131760	9439	0.000000
281474976710655.000000	25.308954	9440	0.000000
281474976710655.000000	26.615625	9441	0.000000
281474976710655.000000	24.593506	9442	0.000000
281474976710655.000000	23.736422	9443	0.000000
281474976710655.000000	26.444820	9444	0.000000
281474976710655.000000	26.501867	9445	0.000000
281474976710655.000000	27.674234	9446	0.000000
281474976710655.000000	24.253897	9447	0.000000
281474976710655.000000	24.289692	9448	0.000000
281474976710655.000000	26.011337	9449	0.000000
281474976710655.000000	25.400589	9450	0.000000
281474976710655.000000	26.561865	9451	0.000000
281474976710655.000000	24.036200	9452	0.000000
281474976710655.000000	27.367006	9453	0.000000
281474976710655.000000	24.146898	9454	0.000000
281474976710655.000000	27.156109	9455	0.000000
281474976710655.000000	25.148228	9456	0.000000
281474976710655.000000	26.048044	9457	0.000000
281474976710655.000000	25.411537	9458	0.000000
281474976710655.000000	25.232220	9459	0.000000
281474976710655.000000	26.000195	9460	0.000000
281474976710655.000000	28.198368	9461	0.000000
281474976710655.000000	25.022593	9462	0.000000
281474976710655.000000	25.593937	9463	0.000000
281474976710655.000000	24.647881	9464	0.000000
281474976710655.000000	25.147383	9465	0.000000
281474976710655.000000	25.778946	9466	0.000000
281474976710655.000000	25.125919	9467	0.000000
281474976710655.000000	23.679092	9468	0.000000
281474976710655.000000	24.638504	9469	0.000000
281474976710655.000000	25.446207	9470	0.000000
281474976710655.000000	25.500813	9471	0.000000
281474976710655.000000	24.845070	9472	0.000000
281474976710655.000000	24.339174	9473	0.000000
281474976710655.000000	24.963791	9474	0.000000
281474976710655.000000	24.483086	9475	0.000000
281474976710655.000000	24.114140	9476	0.000000
281474976710655.000000	23.826054	9477	0.000000
281474976710655.000000	25.746471	9478	0.000000
281474976710655.000000	24.330435	9479	0.000000
281474976710655.000000	24.978710	9480	0.000000
281474976710655.000000	22.653206	9481	0.000000
281474976710655.000000	25.675644	9482	0.000000
281474976710655.000000	23.594500	9483	0.000000
281474976710655.000000	25.646355	9484	0.000000
281474976710655.000000	25.461424	9485	0.000000
281474976710655.000000	24.456482	9486	0.000000
281474976710655.000000	25.551933	9487	0.000000
281474976710655.000000	25.151474	9488	0.000000
281474976710655.000000	24.535257	9489	0.000000
281474976710655.000000	23.792538	9490	0.000000
281474976710655.000000	25.077917	9491	0.000000
281474976710655.000000	24.747398	9492	0.000000
281474976710655.000000	25.107420	9493	0.000000
281474976710655.000000	24.898357	9494	0.000000
281474976710655.000000	25.257151	9495	0.000000
281474976710655.000000	24.011530	9496	0.000000
281474976710655.000000	23.994560	9497	0.000000
281474976710655.000000	23.173885	9498	0.000000
281474976710655.000000	23.865988	9499	0.000000
281474976710655.000000	26.876745	9500	0.000000
281474976710655.000000	23.710680	9501	0.000000
281474976710655.000000	25.111658	9502	0.000000
281474976710655.000000	23.637594	9503	0.000000
281474976710655.000000	25.177959	9504	0.000000
281474976710655.000000	24.275791	9505	0.000000
281474976710655.000000	23.704674	9506	0.000000
281474976710655.000000	24.584641	9507	0.000000
281474976710655.000000	24.285351	9508	0.000000
281474976710655.000000	26.005150	9509	0.000000
281474976710655.000000	24.419439	9510	0.000000
281474976710655.000000	23.279062	9511	0.000000
281474976710655.000000	24.316885	9512	0.000000
281474976710655.000000	24.123178	9513	0.000000
281474976710655.000000	22.179132	9514	0.000000
281474976710655.000000	24.226482	9515	0.000000
281474976710655.000000	25.020439	9516	0.000000
281474976710655.000000	23.269592	9517	0.000000
281474976710655.000000	23.101410	9518	0.000000
281474976710655.000000	23.684566	9519	0.000000
281474976710655.000000	24.641970	9520	0.000000
281474976710655.000000	23.443964	9521	0.000000
281474976710655.000000	24.688070	9522	0.000000
281474976710655.000000	24.822931	9523	0.000000
281474976710655.000000	22.960213	9524	0.000000
281474976710655.000000	24.689859	9525	0.000000
281474976710655.000000	22.838276	9526	0.000000
281474976710655.000000	23.886850	9527	0.000000
281474976710655.000000	23.525295	9528	0.000000
281474976710655.000000	24.261883	9529	0.000000
281474976710655.000000	22.096399	9530	0.000000
281474976710655.000000	21.825623	9531	0.000000
281474976710655.000000	23.066895	9532	0.000000
281474976710655.000000	22.235691	9533	0.000000
281474976710655.000000	23.943825	9534	0.000000
281474976710655.000000	23.117735	9535	0.000000
281474976710655.000000	23.452717	9536	0.000000
281474976710655.000000	21.971933	9537	0.000000
281474976710655.000000	24.227150	9538	0.000000
281474976710655.000000	21.796448	9539	0.000000
281474976710655.000000	23.243521	9540	0.000000
281474976710655.000000	21.390451	9541	0.000000
281474976710655.000000	22.728922	9542	0.000000
281474976710655.000000	23.491463	9543	0.000000
281474976710655.000000	22.611868	9544	0.000000
281474976710655.000000	21.600403	9545	0.000000
281474976710655.000000	21.656013	9546	0.000000
281474976710655.000000	21.612980	9547	0.000000
281474976710655.000000	22.939402	9548	0.000000
281474976710655.000000	22.292959	9549	0.000000
281474976710655.000000	21.529333	9550	0.000000
281474976710655.000000	22.008997	9551	0.000000
281474976710655.000000	23.578201	9552	0.000000
281474976710655.000000	21.893839	9553	0.000000
281474976710655.000000	21.791391	9554	0.000000
281474976710655.000000	20.540939	9555	0.000000
281474976710655.000000	21.900604	9556	0.000000
281474976710655.000000	21.357161	9557	0.000000
281474976710655.000000	22.733776	9558	0.000000
281474976710655.000000	21.434948	9559	0.000000
281474976710655.000000	23.305864	9560	0.000000
281474976710655.000000	22.683132	9561	0.000000
281474976710655.000000	22.030130	9562	0.000000
281474976710655.000000	20.524103	9563	0.000000
281474976710655.000000	21.866507	9564	0.000000
281474976710655.000000	20.538361	9565	0.000000
281474976710655.000000	22.117790	9566	0.000000
281474976710655.000000	22.485685	9567	0.000000
281474976710655.000000	23.410309	9568	0.000000
281474976710655.000000	22.662189	9569	0.000000
281474976710655.000000	23.515953	9570	0.000000
281474976710655.000000	21.382936	9571	0.000000
281474976710655.000000	20.498884	9572	0.000000
281474976710655.000000	23.117546	9573	0.000000
281474976710655.000000	21.936672	9574	0.000000
281474976710655.000000	23.106934	9575	0.000000
281474976710655.000000	21.666077	9576	0.000000
281474976710655.000000	21.652332	9577	0.000000
281474976710655.000000	22.171890	9578	0.000000
281474976710655.000000	22.324379	9579	0.000000
281474976710655.000000	21.567123	9580	0.000000
281474976710655.000000	21.599211	9581	0.000000
281474976710655.000000	20.386715	9582	0.000000
281474976710655.000000	21.139309	9583	0.000000
281474976710655.000000	21.624666	9584	0.000000
281474976710655.000000	22.151258	9585	0.000000
281474976710655.000000	22.246782	9586	0.000000
281474976710655.000000	21.689253	9587	0.000000
281474976710655.000000	20.756800	9588	0.000000
281474976710655.000000	20.190519	9589	0.000000
281474976710655.000000	21.649078	9590	0.000000
281474976710655.000000	21.040575	9591	0.000000
281474976710655.000000	21.894846	9592	0.000000
281474976710655.000000	21.429890	9593	0.000000
281474976710655.000000	21.036793	9594	0.000000
281474976710655.000000	19.768314	9595	0.000000
281474976710655.000000	21.606438	9596	0.000000
281474976710655.000000	21.773905	9597	0.000000
281474976710655.000000	21.406372	9598	0.000000
281474976710655.000000	20.266581	9599	0.000000
281474976710655.000000	22.652521	9600	0.000000
281474976710655.000000	20.976179	9601	0.000000
281474976710655.000000	23.170050	9602	0.000000
281474976710655.000000	20.514791	9603	0.000000
281474976710655.000000	21.321562	9604	0.000000
281474976710655.000000	20.366703	9605	0.000000
281474976710655.000000	21.481363	9606	0.000000
281474976710655.000000	20.632160	9607	0.000000
281474976710655.000000	21.132036	9608	0.000000
281474976710655.000000	20.521891	9609	0.000000
281474976710655.000000	21.561197	9610	0.000000
281474976710655.000000	21.128523	9611	0.000000
281474976710655.000000	21.794035	9612	0.000000
281474976710655.000000	20.901241	9613	0.000000
281474976710655.000000	21.885044	9614	0.000000
281474976710655.000000	19.401079	9615	0.000000
281474976710655.000000	20.601400	9616	0.000000
281474976710655.000000	20.871511	9617	0.000000
281474976710655.000000	20.266319	9618	0.000000
281474976710655.000000	20.511709	9619	0.000000
281474976710655.000000	21.049334	9620	0.000000
281474976710655.000000	19.377775	9621	0.000000
281474976710655.000000	20.380096	9622	0.000000
281474976710655.000000	19.603682	9623	0.000000
281474976710655.000000	20.875654	9624	0.000000
281474976710655.000000	20.918972	9625	0.000000
281474976710655.000000	20.543839	9626	0.000000
281474976710655.000000	21.015621	9627	0.000000
281474976710655.000000	20.720713	9628	0.000000
281474976710655.000000	19.767935	9629	0.000000
281474976710655.000000	21.438845	9630	0.000000
281474976710655.000000	21.162445	9631	0.000000
281474976710655.000000	19.934654	9632	0.000000
281474976710655.000000	20.614799	9633	0.000000
281474976710655.000000	20.798315	9634	0.000000
281474976710655.000000	20.632542	9635	0.000000
281474976710655.000000	20.660767	9636	0.000000
281474976710655.000000	19.877903	9637	0.000000
281474976710655.000000	19.673635	9638	0.000000
281474976710655.000000	20.167252	9639	0.000000
281474976710655.000000	20.786814	9640	0.000000
281474976710655.000000	20.046833	9641	0.000000
281474976710655.000000	20.476767	9642	0.000000
281474976710655.000000	19.399603	9643	0.000000
281474976710655.000000	20.524181	9644	0.000000
281474976710655.000000	20.183594	9645	0.000000
281474976710655.000000	19.717667	9646	0.000000
281474976710655.000000	20.588163	9647	0.000000
281474976710655.000000	19.891878	9648	0.000000
281474976710655.000000	19.496176	9649	0.000000
281474976710655.000000	21.598242	9650	0.000000
281474976710655.000000	18.987112	9651	0.000000
281474976710655.000000	20.573843	9652	0.000000
281474976710655.000000	19.572149	9653	0.000000
281474976710655.000000	19.850618	9654	0.000000
281474976710655.000000	20.078478	9655	0.000000
281474976710655.000000	20.717705	9656	0.000000
281474976710655.000000	19.537010	9657	0.000000
281474976710655.000000	20.582262	9658	0.000000
281474976710655.000000	18.807182	9659	0.000000
281474976710655.000000	19.635239	9660	0.000000
281474976710655.000000	19.144329	9661	0.000000
281474976710655.000000	20.149208	9662	0.000000
281474976710655.000000	18.367460	9663	0.000000
281474976710655.000000	21.046127	9664	0.000000
281474976710655.000000	19.789783	9665	0.000000
281474976710655.000000	20.244499	9666	0.000000
281474976710655.000000	19.163719	9667	0.000000
281474976710655.000000	19.417913	9668	0.000000
281474976710655.000000	19.045364	9669	0.000000
281474976710655.000000	19.054134	9670	0.000000
281474976710655.000000	18.828571	9671	0.000000
281474976710655.000000	19.891109	9672	0.000000
281474976710655.000000	19.493797	9673	0.000000
281474976710655.000000	19.417915	9674	0.000000
281474976710655.000000	18.492846	9675	0.000000
281474976710655.000000	19.838139	9676	0.000000
281474976710655.000000	19.478729	9677	0.000000
281474976710655.000000	19.886389	9678	0.000000
281474976710655.000000	19.294315	9679	0.000000
281474976710655.000000	19.447512	9680	0.000000
281474976710655.000000	19.479540	9681	0.000000
281474976710655.000000	19.697208	9682	0.000000
281474976710655.000000	19.297485	9683	0.000000
281474976710655.000000	20.287113	9684	0.000000
281474976710655.000000	19.206276	9685	0.000000
281474976710655.000000	18.634466	9686	0.000000
281474976710655.000000	18.294317	9687	0.000000
281474976710655.000000	18.547478	9688	0.000000
281474976710655.000000	18.639196	9689	0.000000
281474976710655.000000	17.832445	9690	0.000000
281474976710655.000000	18.721037	9691	0.000000
281474976710655.000000	19.859577	9692	0.000000
281474976710655.000000	19.632910	9693	0.000000
281474976710655.000000	18.294800	9694	0.000000
281474976710655.000000	18.781574	9695	0.000000
281474976710655.000000	18.992275	9696	0.000000
281474976710655.000000	19.277164	9697	0.000000
281474976710655.000000	18.537182	9698	0.000000
281474976710655.000000	18.680096	9699	0.000000
281474976710655.000000	19.069157	9700	0.000000
281474976710655.000000	18.595867	9701	0.000000
281474976710655.000000	18.915461	9702	0.000000
281474976710655.000000	18.546953	9703	0.000000
281474976710655.000000	18.210852	9704	0.000000
281474976710655.000000	17.904154	9705	0.000000
281474976710655.000000	18.921230	9706	0.000000
281474976710655.000000	18.497458	9707	0.000000
281474976710655.000000	19.199606	9708	0.000000
281474976710655.000000	18.671209	9709	0.000000
281474976710655.000000	18.655180	9710	0.000000
281474976710655.000000	18.230139	9711	0.000000
281474976710655.000000	19.327108	9712	0.000000
281474976710655.000000	18.474665	9713	0.000000
281474976710655.000000	18.671125	9714	0.000000
281474976710655.000000	18.484846	9715	0.000000
281474976710655.000000	19.099638	9716	0.000000
281474976710655.000000	18.193268	9717	0.000000
281474976710655.000000	18.967676	9718	0.000000
281474976710655.000000	18.047659	9719	0.000000
281474976710655.000000	18.617699	9720	0.000000
281474976710655.000000	18.375315	9721	0.000000
281474976710655.000000	18.048723	9722	0.000000
281474976710655.000000	17.062454	9723	0.000000
281474976710655.000000	18.496351	9724	0.000000
281474976710655.000000	18.123198	9725	0.000000
281474976710655.000000	18.748789	9726	0.000000
281474976710655.000000	18.228739	9727	0.000000
281474976710655.000000	18.336073	9728	0.000000
281474976710655.000000	18.249659	9729	0.000000
281474976710655.000000	18.555031	9730	0.000000
281474976710655.000000	17.610651	9731	0.000000
281474976710655.000000	18.580980	9732	0.000000
281474976710655.000000	18.242111	9733	0.000000
281474976710655.000000	18.651188	9734	0.000000
281474976710655.000000	17.226870	9735	0.000000
281474976710655.000000	18.411425	9736	0.000000
281474976710655.000000	17.564718	9737	0.000000
281474976710655.000000	18.320269	9738	0.000000
281474976710655.000000	17.469074	9739	0.000000
281474976710655.000000	18.741716	9740	0.000000
281474976710655.000000	17.352587	9741	0.000000
281474976710655.000000	17.654423	9742	0.000000
281474976710655.000000	17.714115	9743	0.000000
281474976710655.000000	17.801594	9744	0.000000
281474976710655.000000	17.722376	9745	0.000000
281474976710655.000000	18.276999	9746	0.000000
281474976710655.000000	17.869839	9747	0.000000
281474976710655.000000	17.638567	9748	0.000000
281474976710655.000000	18.399555	9749	0.000000
281474976710655.000000	17.748775	9750	0.000000
281474976710655.000000	17.968561	9751	0.000000
281474976710655.000000	17.612719	9752	0.000000
281474976710655.000000	17.945383	9753	0.000000
281474976710655.000000	18.145847	9754	0.000000
281474976710655.000000	17.818010	9755	0.000000
281474976710655.000000	18.089714	9756	0.000000
281474976710655.000000	17.347769	9757	0.000000
281474976710655.000000	18.076447	9758	0.000000
281474976710655.000000	17.575544	9759	0.000000
281474976710655.000000	18.011293	9760	0.000000
281474976710655.000000	17.940811	9761	0.000000
281474976710655.000000	17.781584	9762	0.000000
281474976710655.000000	17.283470	9763	0.000000
281474976710655.000000	17.336786	9764	0.000000
281474976710655.000000	17.194302	9765	0.000000
281474976710655.000000	17.232319	9766	0.000000
281474976710655.000000	17.249846	9767	0.000000
281474976710655.000000	17.983038	9768	0.000000
281474976710655.000000	16.741653	9769	0.000000
281474976710655.000000	16.956059	9770	0.000000
281474976710655.000000	16.986134	9771	0.000000
281474976710655.000000	17.963854	9772	0.000000
281474976710655.000000	17.484097	9773	0.000000
281474976710655.000000	17.807417	9774	0.000000
281474976710655.000000	17.448946	9775	0.000000
281474976710655.000000	17.516632	9776	0.000000
281474976710655.000000	17.086340	9777	0.000000
281474976710655.000000	17.266060	9778	0.000000
281474976710655.000000	17.249659	9779	0.000000
281474976710655.000000	17.328800	9780	0.000000
281474976710655.000000	16.799452	9781	0.000000
281474976710655.000000	17.533585	9782	0.000000
281474976710655.000000	17.075878	9783	0.000000
281474976710655.000000	17.868401	9784	0.000000
281474976710655.000000	16.469973	9785	0.000000
281474976710655.000000	17.422152	9786	0.000000
281474976710655.000000	17.240475	9787	0.000000
281474976710655.000000	16.780556	9788	0.000000
281474976710655.000000	16.680750	9789	0.000000
281474976710655.000000	16.748161	9790	0.000000
281474976710655.000000	16.778725	9791	0.000000
281474976710655.000000	17.550957	9792	0.000000
281474976710655.000000	16.521423	9793	0.000000
281474976710655.000000	16.966602	9794	0.000000
281474976710655.000000	16.759920	9795	0.000000
281474976710655.000000	17.607647	9796	0.000000
281474976710655.000000	16.855665	9797	0.000000
281474976710655.000000	16.904091	9798	0.000000
281474976710655.000000	17.182865	9799	0.000000
281474976710655.000000	16.666199	9800	0.000000
281474976710655.000000	17.275112	9801	0.000000
281474976710655.000000	16.619352	9802	0.000000
281474976710655.000000	16.268162	9803	0.000000
281474976710655.000000	17.859131	9804	0.000000
281474976710655.000000	17.368830	9805	0.000000
281474976710655.000000	17.068312	9806	0.000000
281474976710655.000000	17.060356	9807	0.000000
281474976710655.000000	16.991238	9808	0.000000
281474976710655.000000	16.418900	9809	0.000000
281474976710655.000000	16.775953	9810	0.000000
281474976710655.000000	16.346170	9811	0.000000
281474976710655.000000	16.762842	9812	0.000000
281474976710655.000000	16.759434	9813	0.000000
281474976710655.000000	16.376602	9814	0.000000
281474976710655.000000	16.963491	9815	0.000000
281474976710655.000000	16.503857	9816	0.000000
281474976710655.000000	16.262539	9817	0.000000
281474976710655.000000	16.622601	9818	0.000000
281474976710655.000000	17.002066	9819	0.000000
281474976710655.000000	16.288618	9820	0.000000
281474976710655.000000	16.329607	9821	0.000000
281474976710655.000000	16.381891	9822	0.000000
281474976710655.000000	16.471849	9823	0.000000
281474976710655.000000	16.785622	9824	0.000000
281474976710655.000000	15.938347	9825	0.000000
281474976710655.000000	16.620771	9826	0.000000
281474976710655.000000	15.939956	9827	0.000000
281474976710655.000000	16.249319	9828	0.000000
281474976710655.000000	16.206886	9829	0.000000
281474976710655.000000	16.288923	9830	0.000000
281474976710655.000000	16.569458	9831	0.000000
281474976710655.000000	15.746428	9832	0.000000
281474976710655.000000	16.374075	9833	0.000000
281474976710655.000000	16.430876	9834	0.000000
281474976710655.000000	16.100399	9835	0.000000
281474976710655.000000	16.589462	9836	0.000000
281474976710655.000000	16.074890	9837	0.000000
