num crossings	time (s)	maj axis (mm)	min axis (mm)	theta (rad )	slope (V/s)
2201	3284.978587	56.098003	-12.230830	1.344211	16.573849
2205	3289.094212	55.702511	-12.188656	1.339704	16.742117
2207	3291.153583	55.500324	-12.187331	1.339895	16.949496
2209	3293.213755	55.371294	-12.183766	1.341356	16.809669
2211	3295.235676	63.891126	-6.606017	1.918874	23.828120
2213	3297.421556	74.836872	5.653215	2.705173	37.198369
2215	3299.478054	75.085173	5.810577	2.700751	32.800235
2217	3301.532753	74.921716	6.001179	2.697309	34.233372
2219	3303.589092	75.128904	2.037766	2.639946	32.124824
2221	3305.645617	75.757232	-15.644875	2.633696	29.711571
2223	3307.636315	73.708502	-36.826058	2.797913	5.408716
2225	3309.709524	74.138372	-36.695882	2.780205	6.364715
2227	3311.777128	74.909363	-36.519469	2.768838	6.931445
2229	3313.834687	75.236776	-36.430858	2.755630	7.334723
2231	3315.879822	74.918747	-27.913333	2.895297	8.192847
2233	3317.920385	76.205493	-2.442014	2.705163	34.353137
2235	3319.982368	74.326308	-2.811535	2.697829	39.136987
2237	3322.054472	74.155247	-6.658839	2.608278	35.054288
2239	3324.093324	74.988714	-18.714927	2.653725	27.114032
2241	3326.146344	75.113935	-18.420661	2.657602	26.467772
2243	3328.194018	75.113931	-18.244826	2.662985	27.374282
2245	3330.247109	74.869933	-18.177619	2.661291	27.313225
2249	3334.361987	74.340689	-17.914340	2.646426	25.181676
2251	3336.421561	74.085557	-17.715484	2.640029	24.866691
2253	3338.485220	73.771174	-17.475428	2.640931	25.486325
2255	3340.550336	73.579176	-17.308260	2.649743	24.844447
2257	3342.612317	74.075219	-17.302532	2.653270	25.727336
2259	3344.667869	74.492369	-17.200059	2.643491	24.015176
2261	3346.715709	74.663083	-17.204004	2.625252	22.683445
2263	3348.763391	74.350706	-17.021945	2.610055	22.178124
2265	3350.818281	73.698035	-16.641852	2.600785	25.583801
2269	3354.954221	73.072789	-16.197406	2.624495	25.035283
2271	3357.015949	73.730264	-16.242940	2.627053	24.412778
2273	3359.069466	73.904405	-16.101965	2.615060	23.411678
2275	3361.120721	73.811454	-15.981722	2.602746	23.239119
2277	3363.173518	73.546606	-15.876211	2.596165	23.846519
2279	3365.227179	73.406098	-15.717841	2.592521	23.581777
2281	3367.283157	73.200010	-15.553232	2.591662	23.304974
2283	3369.340679	73.105447	-15.404830	2.590165	23.292001
2285	3371.399245	72.859602	-15.269771	2.587886	24.234104
2287	3373.459730	72.658384	-15.147120	2.583270	22.908461
2289	3375.522344	72.471958	-14.987199	2.576374	22.989342
2293	3379.646818	72.970410	-14.607923	2.559150	25.006186
2295	3381.700353	73.196686	-14.300714	2.555731	27.884013
2297	3383.747609	73.492933	-14.063922	2.567321	26.763734
2299	3385.795103	73.220645	-13.993034	2.576892	26.775334
2301	3387.850055	72.614317	-14.024515	2.577116	25.333981
2303	3389.911940	71.997537	-14.043490	2.566952	24.747634
2305	3391.977027	71.794258	-13.950777	2.555253	25.191462
2307	3394.042028	71.844806	-13.719541	2.546675	24.369518
2309	3396.103544	72.147956	-13.516236	2.541279	24.425392
2313	3400.218187	72.355296	-13.094486	2.538742	26.776677
2315	3402.271904	72.248334	-12.967721	2.535880	27.732487
2317	3404.325479	72.137753	-12.791923	2.537509	28.056886
2319	3406.381581	71.918003	-12.642349	2.535318	28.806463
2321	3408.438746	71.752388	-12.482295	2.533161	28.227593
2323	3410.497886	71.550969	-12.342975	2.533075	26.973346
2325	3412.558454	71.388032	-12.195544	2.532373	27.582493
2327	3414.619027	71.534688	-12.049142	2.536525	27.305690
2329	3416.677576	71.770132	-11.892537	2.535281	27.049258
2331	3418.733959	71.872318	-11.813100	2.530956	27.117680
2333	3420.787375	71.710369	-11.720472	2.523470	25.393079
2337	3424.889190	71.711652	-11.564977	2.509821	26.228453
2339	3426.940463	71.506741	-11.429866	2.503073	26.467624
2341	3428.994151	71.221518	-11.259251	2.496767	27.796854
2343	3431.052911	70.735814	-11.031068	2.492861	28.589917
2345	3433.117165	70.317437	-10.801658	2.496601	27.942186
2347	3435.183699	70.243566	-10.682945	2.505497	28.762539
2349	3437.246873	70.671619	-10.631068	2.511316	27.490913
2351	3439.305547	71.011963	-10.574718	2.507887	27.718933
2353	3441.361929	71.033558	-10.473638	2.500776	26.117206
2355	3443.417552	70.796218	-10.341904	2.494741	26.120459
2359	3447.532924	70.450674	-10.070379	2.482483	27.125751
2361	3449.591175	70.565369	-9.931121	2.478097	26.798071
2363	3451.647601	70.528803	-9.753476	2.473870	27.460863
2365	3453.699949	70.623348	-9.551508	2.471607	28.156992
2367	3455.748414	70.753610	-9.369018	2.478412	28.125409
2369	3457.797683	70.604774	-9.272102	2.483989	28.370373
2371	3459.850241	70.277932	-9.246758	2.485795	27.368471
2373	3461.907248	69.908164	-9.246182	2.483663	27.226254
2375	3463.966737	69.583143	-9.212763	2.477766	25.925862
2377	3466.027374	69.454189	-9.127851	2.472351	26.289948
2379	3468.088406	69.404247	-9.023247	2.467683	25.684672
2381	3470.148585	69.414404	-8.911075	2.464031	26.092004
2383	3472.208104	69.334136	-8.784287	2.461985	26.471508
2385	3474.267561	69.263813	-8.642731	2.460122	26.300302
2387	3476.325794	69.203914	-8.531923	2.459186	26.190116
2389	3478.384236	69.304611	-8.402936	2.457679	27.206801
2391	3480.441912	69.235434	-8.276723	2.457131	27.236753
2393	3482.499858	69.235187	-8.159363	2.455720	26.483153
2397	3486.614459	69.144034	-7.942915	2.451260	27.009426
2399	3488.671431	69.126700	-7.822243	2.450014	27.022327
2401	3490.728877	69.103991	-7.698499	2.450341	27.203064
2403	3492.785622	69.065044	-7.572914	2.448611	27.611924
2407	3496.899492	68.892899	-7.342778	2.446526	27.615312
2409	3498.956211	68.808560	-7.219925	2.444992	27.404978
2411	3501.013019	68.644936	-7.135280	2.442539	26.299402
2413	3503.069699	68.587701	-6.977720	2.443514	27.511055
2417	3507.182524	68.379259	-6.763720	2.439832	27.462032
2419	3509.239007	68.240615	-6.686739	2.438127	26.136308
2421	3511.295192	68.174670	-6.574658	2.436401	26.300652
2423	3513.350697	68.065744	-6.476525	2.434853	26.759794
2427	3517.462777	67.891038	-6.306632	2.431047	26.021565
2429	3519.518141	67.848692	-6.222882	2.429898	26.322160
2431	3521.572839	67.845067	-6.147196	2.427763	25.743205
2433	3523.627331	67.768814	-6.069121	2.424768	25.390274
2437	3527.735038	67.628727	-5.910186	2.420975	26.090457
2439	3529.788030	67.566728	-5.855204	2.418526	26.534024
2441	3531.841944	67.442593	-5.764201	2.414420	27.925090
2443	3533.896352	67.325852	-5.652606	2.410789	27.409336
2445	3535.954008	67.003202	-5.521299	2.406524	26.948105
2447	3538.014961	66.595247	-5.375083	2.406702	27.065427
2449	3540.079252	66.248533	-5.222310	2.411459	26.493787
2451	3542.143375	66.436276	-5.176831	2.417150	27.520078
2453	3544.204866	66.733501	-5.126118	2.421517	26.676041
2455	3546.263547	66.948018	-5.056147	2.419344	26.166855
2457	3548.320815	66.962918	-4.948721	2.415202	26.212557
2459	3550.377812	66.920926	-4.851581	2.410138	25.818345
2463	3554.490091	66.704356	-4.637136	2.400667	26.614610
2465	3556.543302	66.787429	-4.474564	2.400795	26.527161
2467	3558.594341	66.718533	-4.355208	2.401156	25.917799
2469	3560.643507	66.657708	-4.256284	2.405604	26.798941
2471	3562.694064	66.494459	-4.181133	2.409662	26.626364
2473	3564.747971	66.299229	-4.152759	2.410914	26.145297
2475	3566.804659	66.018180	-4.128583	2.409593	26.848696
2477	3568.862869	65.757767	-4.082312	2.406151	25.277703
2479	3570.921630	65.690675	-4.045903	2.402651	27.270891
2481	3572.979309	65.691288	-3.984837	2.400564	25.819794
2483	3575.036822	65.663650	-3.918501	2.398690	26.319426
2485	3577.093054	65.636935	-3.843854	2.396648	24.711025
2489	3581.204089	65.530982	-3.709551	2.394288	24.967845
2491	3583.259077	65.512882	-3.652913	2.390818	25.117044
2493	3585.314525	65.413747	-3.577229	2.389181	26.074644
2495	3587.371234	65.250018	-3.510780	2.385977	26.950126
2497	3589.428734	64.871817	-3.356465	2.382518	25.886270
2499	3591.491678	64.546333	-3.209231	2.385764	26.196163
2501	3593.555879	64.348930	-3.139327	2.389495	25.137337
2503	3595.618554	64.559393	-3.080697	2.395527	25.432293
2505	3597.679106	64.828775	-3.002366	2.395799	25.916492
2507	3599.737616	64.967639	-2.945763	2.393555	25.685472
2509	3601.794587	64.963445	-2.851200	2.390322	24.680634
2513	3605.906351	64.852357	-2.646327	2.383571	25.133754
2515	3607.960949	64.555491	-2.536137	2.379077	25.494178
2517	3610.012648	64.692025	-2.426098	2.381054	26.079847
2519	3612.062222	64.641655	-2.328644	2.384686	26.304511
2521	3614.112500	64.602419	-2.246140	2.388941	25.815556
2523	3616.164817	64.412825	-2.187643	2.392417	25.663267
2525	3618.220399	64.138859	-2.208249	2.390420	25.793360
2527	3620.277353	64.000518	-2.153911	2.388475	24.855126
2529	3622.334993	63.883724	-2.110392	2.385439	25.591515
2531	3624.392584	63.849467	-2.058957	2.382915	24.580042
2533	3626.449128	63.806394	-2.010255	2.381082	25.091600
2535	3628.505747	63.794304	-1.941416	2.379112	25.429629
